Ans1: 2023.10.3
Ans2: 0c275a06c5190c5ce00af0acbb61c06374087949f643ef32d355ece12c4db043
Ans3: 0.9019309332297606
Ans4: 0.1396894705235681
Ans5: 147 MB
Ans6: 0.7269369463554